106108
2173
197162
936456
52584
172901
239935
1872421
850
851
859
852
1017
28118
281920
328813
626932
387661
823
46503
165179
28135
28132
387090
357276
821
817
818
626929
371601
28111
47678
28116
329854
820
338188
46506
246787
29523
311784
358
188732
296544
13373
60552
1913980
539
267212
488
495
217
824
76517
84980
84405
58180
35833
1869214
339
648
729
666
29494
24
56812
50422
470
29430
317
316
47882
287
703
67780
204042
204038
29471
55208
69393
553
182337
338565
552
29488
102862
582
588
40576
628
630
34038
1873497
28151
616
615
618
1334193
623
413502
54736
90371
208962
1884818
562
548
571
573
42895
69218
550
61645
35703
545
1896336
67824
67825
133448
546
668331
84112
84110
84109
133926
33871
74426
147206
147207
29317
103618
1871615
43675
1747
223904
1833
38289
43770
161889
38303
258224
1680
78346
1681
1689
28026
1686
216816
1971214
33029
1735
29348
1547
69824
907
39778
29466
450749
671228
1280
1282
1641
1640
29391
84135
1402
408580
1396
137732
137591
1351
37734
1352
1363
1318
28037
102684
1308
1309
1304
1334
1623
1597
1599
1590
1580
1633
1613
1598
33959
83683
227945
1584
109790
1579
1591
1596
1945593
384638
288965
1736
142586
39496
1511
1496
261299
89152
341694
106588
1535
214851
853
169435
40518
1265
41978
154046
501571
208226
461876
1491
1506
1520
386415
217159
1502
1509
39488
84030
1872530
39491
29361
39486
88431
33043
410072
39485
2049031
29347
1512
208479
333367
166486
301302
301301
46228
33038
33039
1532
89014
1955243
1322
40520
